id,name,"twe"et"
1,hin,"tweet content"